;ID  Name            30%      50%        70%        90%
 1  Gold          1000000   5000000   10000000   20000000
 2  Blei           600000   3000000    6000000   12000000
 3  Silber         700000   3500000    7000000   14000000
 4  Eisen         1000000   4000000   10000000   20000000
 5  Nickel         800000   4500000   10000000   20000000
 6  Aluminium      900000   4500000    9000000   18000000
 7  Rohwolle       500000   2500000    5000000   10000000
 8  Kobalt         600000   3000000    6000000   12000000
 9  Uran           800000   4000000    8000000   16000000
10  Kaffee         400000   2000000    4000000    8000000
11  Naturkautschuk 400000   2000000    4000000    8000000
12  Kupfer         900000   4500000    9000000   18000000
13  Tee            500000   2500000    5000000   10000000
14  Rohbaumwolle   500000   2500000    5000000   10000000
15  Kohle         1100000   5500000   11000000   22000000
16  Automobilbau   800000   4000000    8000000   16000000
17  Schiffbau      700000   3500000    7000000   14000000
18  Stahl         1100000   5500000   11000000   22000000
19  Wolfram        600000   3000000    6000000   12000000
20  Weizen        1000000   5000000   10000000   20000000
21  Reis           700000   3500000    7000000   14000000
22  Öl            1200000   6000000   12000000   24000000
23  Zucker         900000   4500000    9000000   18000000
24  Kakao          400000   2000000    4000000    8000000